Automatically generated mesh
      30
Reciprocal lattice
    0.00000000000000    0.00000000000000    0.00000000000000             1
    0.25000000000000    0.00000000000000    0.00000000000000             6
    0.50000000000000    0.00000000000000    0.00000000000000             3
    0.00000000000000    0.12500000000000    0.00000000000000             2
    0.25000000000000    0.12500000000000    0.00000000000000             4
    0.50000000000000    0.12500000000000    0.00000000000000             4
   -0.25000000000000    0.12500000000000    0.00000000000000             2
    0.25000000000000    0.25000000000000    0.00000000000000             6
    0.00000000000000    0.37500000000000    0.00000000000000             2
    0.25000000000000    0.37500000000000    0.00000000000000             2
    0.00000000000000    0.00000000000000    0.25000000000000             2
    0.25000000000000    0.00000000000000    0.25000000000000            12
    0.50000000000000    0.00000000000000    0.25000000000000             6
    0.00000000000000    0.12500000000000    0.25000000000000             4
    0.25000000000000    0.12500000000000    0.25000000000000             8
    0.50000000000000    0.12500000000000    0.25000000000000             8
   -0.25000000000000    0.12500000000000    0.25000000000000             4
    0.25000000000000    0.25000000000000    0.25000000000000            12
    0.00000000000000    0.37500000000000    0.25000000000000             4
    0.25000000000000    0.37500000000000    0.25000000000000             4
    0.00000000000000    0.00000000000000    0.50000000000000             1
    0.25000000000000    0.00000000000000    0.50000000000000             6
    0.50000000000000    0.00000000000000    0.50000000000000             3
    0.00000000000000    0.12500000000000    0.50000000000000             2
    0.25000000000000    0.12500000000000    0.50000000000000             4
    0.50000000000000    0.12500000000000    0.50000000000000             4
   -0.25000000000000    0.12500000000000    0.50000000000000             2
    0.25000000000000    0.25000000000000    0.50000000000000             6
    0.00000000000000    0.37500000000000    0.50000000000000             2
    0.25000000000000    0.37500000000000    0.50000000000000             2
