#K-Path     Band-1    Band-2    Band-3    Band-4      ...     Band-n
  0.0000  -50.7029  -50.7022  -50.6989  -46.3211  -46.3158  -46.3147  -11.1698  -11.1450   -5.5892   -5.3173   -3.8683   -3.8392   -3.2256   -2.9933   -2.8604   -2.7185   -2.5843   -1.0304   -0.8038    0.0700    0.9179    0.9809    1.2743    1.5406
  0.0457  -50.7029  -50.7022  -50.6989  -46.3211  -46.3157  -46.3147  -11.1763  -11.1520   -5.5740   -5.3069   -3.8618   -3.8375   -3.2251   -3.0025   -2.8885   -2.6871   -2.5714   -1.0300   -0.8257    0.0756    0.9205    0.9792    1.2745    1.4807
  0.0915  -50.7029  -50.7022  -50.6989  -46.3211  -46.3157  -46.3147  -11.1953  -11.1725   -5.5291   -5.2763   -3.8429   -3.8322   -3.2233   -3.0269   -2.9393   -2.6260   -2.5362   -1.0284   -0.8868    0.0900    0.9282    0.9709    1.2752    1.4062
  0.1372  -50.7029  -50.7022  -50.6989  -46.3211  -46.3157  -46.3147  -11.2261  -11.2054   -5.4562   -5.2271   -3.8238   -3.8143   -3.2188   -3.0601   -2.9865   -2.5610   -2.4854   -1.0252   -0.9758    0.1084    0.9406    0.9499    1.2764    1.3546
  0.1830  -50.7028  -50.7022  -50.6989  -46.3211  -46.3156  -46.3146  -11.2674  -11.2489   -5.3580   -5.1620   -3.8126   -3.7815   -3.2091   -3.0964   -3.0197   -2.5009   -2.4250   -1.0798   -1.0194    0.1272    0.9147    0.9567    1.2786    1.3255
  0.2287  -50.7028  -50.7022  -50.6989  -46.3211  -46.3155  -46.3146  -11.3176  -11.3008   -5.2384   -5.0838   -3.7995   -3.7524   -3.1921   -3.1321   -3.0292   -2.4519   -2.3597   -1.1867   -1.0097    0.1457    0.8713    0.9752    1.2823    1.3092
  0.2745  -50.7027  -50.7022  -50.6989  -46.3212  -46.3154  -46.3146  -11.3751  -11.3586   -5.1034   -4.9943   -3.7854   -3.7351   -3.1732   -3.1648   -2.9997   -2.4199   -2.2928   -1.2859   -0.9944    0.1651    0.8277    0.9939    1.2887    1.2959
  0.3202  -50.7027  -50.7022  -50.6989  -46.3212  -46.3153  -46.3146  -11.4379  -11.4200   -4.9646   -4.8905   -3.7712   -3.7314   -3.1927   -3.1611   -2.9203   -2.4091   -2.2273   -1.3685   -0.9715    0.1875    0.7902    1.0096    1.2798    1.2999
  0.3660  -50.7026  -50.7021  -50.6989  -46.3212  -46.3152  -46.3145  -11.5036  -11.4831   -4.8430   -4.7607   -3.7582   -3.7355   -3.2146   -3.1543   -2.8054   -2.4138   -2.1661   -1.4295   -0.9388    0.2153    0.7634    1.0185    1.2586    1.3181
  0.4117  -50.7025  -50.7021  -50.6989  -46.3212  -46.3151  -46.3145  -11.5701  -11.5462   -4.7386   -4.6163   -3.7476   -3.7359   -3.2296   -3.1487   -2.7057   -2.3942   -2.1115   -1.4695   -0.8943    0.2499    0.7512    1.0170    1.2320    1.3454
  0.4575  -50.7024  -50.7021  -50.6990  -46.3212  -46.3150  -46.3145  -11.6353  -11.6078   -4.6395   -4.4834   -3.7401   -3.7183   -3.2373   -3.1426   -2.7031   -2.2729   -2.0653   -1.4936   -0.8364    0.2910    0.7580    1.0033    1.1997    1.3818
  0.5032  -50.7024  -50.7021  -50.6990  -46.3213  -46.3149  -46.3145  -11.6976  -11.6666   -4.5420   -4.3815   -3.7361   -3.6679   -3.2379   -3.1356   -2.7745   -2.0767   -2.0286   -1.5051   -0.7648    0.3358    0.7890    0.9767    1.1617    1.4260
  0.5490  -50.7023  -50.7020  -50.6990  -46.3213  -46.3148  -46.3144  -11.7556  -11.7212   -4.4449   -4.3201   -3.7355   -3.5789   -3.2325   -3.1288   -2.8709   -2.0013   -1.8721   -1.4906   -0.6800    0.3793    0.8491    0.9378    1.1175    1.4754
  0.5947  -50.7022  -50.7020  -50.6990  -46.3213  -46.3147  -46.3144  -11.8080  -11.7706   -4.3477   -4.2936   -3.7375   -3.4633   -3.2225   -3.1290   -2.9647   -1.9825   -1.7477   -1.3840   -0.5841    0.4171    0.8873    0.9356    1.0711    1.5273
  0.6405  -50.7021  -50.7020  -50.6990  -46.3213  -46.3146  -46.3144  -11.8538  -11.8139   -4.2891   -4.2489   -3.7412   -3.3465   -3.2100   -3.1716   -3.0047   -1.9706   -1.7386   -1.1610   -0.4801    0.4476    0.8263    0.9678    1.0982    1.5788
  0.6862  -50.7021  -50.7020  -50.6990  -46.3213  -46.3145  -46.3143  -11.8923  -11.8503   -4.2941   -4.1495   -3.7456   -3.2827   -3.2426   -3.1966   -2.9621   -1.9640   -1.7777   -0.8964   -0.3720    0.4715    0.7571    0.8961    1.2376    1.6268
  0.7320  -50.7020  -50.7020  -50.6990  -46.3213  -46.3144  -46.3143  -11.9229  -11.8792   -4.3027   -4.0482   -3.7499   -3.3855   -3.2022   -3.1843   -2.8732   -1.9608   -1.8338   -0.6272   -0.2657    0.4893    0.6833    0.7966    1.3990    1.6685
  0.7777  -50.7020  -50.7020  -50.6990  -46.3213  -46.3144  -46.3143  -11.9450  -11.9001   -4.3109   -3.9448   -3.7535   -3.4993   -3.1792   -3.1743   -2.7755   -1.9596   -1.8929   -0.3738   -0.1698    0.5007    0.6119    0.6787    1.5567    1.7008
  0.8235  -50.7020  -50.7020  -50.6990  -46.3214  -46.3143  -46.3143  -11.9584  -11.9128   -4.3165   -3.8402   -3.7558   -3.6113   -3.1687   -3.1679   -2.7003   -1.9594   -1.9405   -0.1649   -0.0986    0.4985    0.5558    0.5661    1.6799    1.7214
  0.8692  -50.7020  -50.7020  -50.6990  -46.3213  -46.3143  -46.3143  -11.9629  -11.9171   -4.3185   -3.7566   -3.7566   -3.6975   -3.1657   -3.1657   -2.6716   -1.9594   -1.9594   -0.0712   -0.0712    0.4697    0.5335    0.5335    1.7284    1.7284
  0.8692  -50.7020  -50.7020  -50.6990  -46.3213  -46.3143  -46.3143  -11.9629  -11.9171   -4.3185   -3.7566   -3.7566   -3.6975   -3.1657   -3.1657   -2.6716   -1.9594   -1.9594   -0.0712   -0.0712    0.4697    0.5335    0.5335    1.7284    1.7284
  0.9149  -50.7020  -50.7020  -50.6990  -46.3214  -46.3143  -46.3143  -11.9584  -11.9128   -4.3165   -3.8402   -3.7558   -3.6113   -3.1687   -3.1679   -2.7003   -1.9594   -1.9405   -0.1649   -0.0986    0.4985    0.5558    0.5661    1.6799    1.7214
  0.9607  -50.7020  -50.7020  -50.6990  -46.3213  -46.3144  -46.3143  -11.9450  -11.9001   -4.3109   -3.9448   -3.7535   -3.4993   -3.1792   -3.1743   -2.7755   -1.9596   -1.8929   -0.3738   -0.1698    0.5007    0.6119    0.6787    1.5567    1.7008
  1.0064  -50.7020  -50.7020  -50.6990  -46.3213  -46.3144  -46.3143  -11.9229  -11.8792   -4.3027   -4.0482   -3.7499   -3.3855   -3.2022   -3.1843   -2.8732   -1.9608   -1.8338   -0.6272   -0.2657    0.4893    0.6833    0.7966    1.3990    1.6685
  1.0522  -50.7021  -50.7020  -50.6990  -46.3213  -46.3145  -46.3143  -11.8923  -11.8503   -4.2941   -4.1495   -3.7456   -3.2827   -3.2426   -3.1966   -2.9621   -1.9640   -1.7777   -0.8964   -0.3720    0.4715    0.7571    0.8961    1.2376    1.6268
  1.0979  -50.7021  -50.7020  -50.6990  -46.3213  -46.3146  -46.3144  -11.8538  -11.8139   -4.2891   -4.2489   -3.7412   -3.3465   -3.2100   -3.1716   -3.0047   -1.9706   -1.7386   -1.1610   -0.4801    0.4476    0.8263    0.9678    1.0982    1.5788
  1.1437  -50.7022  -50.7020  -50.6990  -46.3213  -46.3147  -46.3144  -11.8080  -11.7706   -4.3477   -4.2936   -3.7375   -3.4633   -3.2225   -3.1290   -2.9647   -1.9825   -1.7477   -1.3840   -0.5841    0.4171    0.8873    0.9356    1.0711    1.5273
  1.1894  -50.7023  -50.7020  -50.6990  -46.3213  -46.3148  -46.3144  -11.7556  -11.7212   -4.4449   -4.3201   -3.7355   -3.5789   -3.2325   -3.1288   -2.8709   -2.0013   -1.8721   -1.4906   -0.6800    0.3793    0.8491    0.9378    1.1175    1.4754
  1.2352  -50.7024  -50.7021  -50.6990  -46.3213  -46.3149  -46.3145  -11.6976  -11.6666   -4.5420   -4.3815   -3.7361   -3.6679   -3.2379   -3.1356   -2.7745   -2.0767   -2.0286   -1.5051   -0.7648    0.3358    0.7890    0.9767    1.1617    1.4260
  1.2809  -50.7024  -50.7021  -50.6990  -46.3212  -46.3150  -46.3145  -11.6353  -11.6078   -4.6395   -4.4834   -3.7401   -3.7183   -3.2373   -3.1426   -2.7031   -2.2729   -2.0653   -1.4936   -0.8364    0.2910    0.7580    1.0033    1.1997    1.3818
  1.3267  -50.7025  -50.7021  -50.6989  -46.3212  -46.3151  -46.3145  -11.5701  -11.5462   -4.7386   -4.6163   -3.7476   -3.7359   -3.2296   -3.1487   -2.7057   -2.3942   -2.1115   -1.4695   -0.8943    0.2499    0.7512    1.0170    1.2320    1.3454
  1.3724  -50.7026  -50.7021  -50.6989  -46.3212  -46.3152  -46.3145  -11.5036  -11.4831   -4.8430   -4.7607   -3.7582   -3.7355   -3.2146   -3.1543   -2.8054   -2.4138   -2.1661   -1.4295   -0.9388    0.2153    0.7634    1.0185    1.2586    1.3181
  1.4182  -50.7027  -50.7022  -50.6989  -46.3212  -46.3153  -46.3146  -11.4379  -11.4200   -4.9646   -4.8905   -3.7712   -3.7314   -3.1927   -3.1611   -2.9203   -2.4091   -2.2273   -1.3685   -0.9715    0.1875    0.7902    1.0096    1.2798    1.2999
  1.4639  -50.7027  -50.7022  -50.6989  -46.3212  -46.3154  -46.3146  -11.3751  -11.3586   -5.1034   -4.9943   -3.7854   -3.7351   -3.1732   -3.1648   -2.9997   -2.4199   -2.2928   -1.2859   -0.9944    0.1651    0.8277    0.9939    1.2887    1.2959
  1.5097  -50.7028  -50.7022  -50.6989  -46.3211  -46.3155  -46.3146  -11.3176  -11.3008   -5.2384   -5.0838   -3.7995   -3.7524   -3.1921   -3.1321   -3.0292   -2.4519   -2.3597   -1.1867   -1.0097    0.1457    0.8713    0.9752    1.2823    1.3092
  1.5554  -50.7028  -50.7022  -50.6989  -46.3211  -46.3156  -46.3146  -11.2674  -11.2489   -5.3580   -5.1620   -3.8126   -3.7815   -3.2091   -3.0964   -3.0197   -2.5009   -2.4250   -1.0798   -1.0194    0.1272    0.9147    0.9567    1.2786    1.3255
  1.6012  -50.7029  -50.7022  -50.6989  -46.3211  -46.3157  -46.3147  -11.2261  -11.2054   -5.4562   -5.2271   -3.8238   -3.8143   -3.2188   -3.0601   -2.9865   -2.5610   -2.4854   -1.0252   -0.9758    0.1084    0.9406    0.9499    1.2764    1.3546
  1.6469  -50.7029  -50.7022  -50.6989  -46.3211  -46.3157  -46.3147  -11.1953  -11.1725   -5.5291   -5.2763   -3.8429   -3.8322   -3.2233   -3.0269   -2.9393   -2.6260   -2.5362   -1.0284   -0.8868    0.0900    0.9282    0.9709    1.2752    1.4062
  1.6927  -50.7029  -50.7022  -50.6989  -46.3211  -46.3157  -46.3147  -11.1763  -11.1520   -5.5740   -5.3069   -3.8618   -3.8375   -3.2251   -3.0025   -2.8885   -2.6871   -2.5714   -1.0300   -0.8257    0.0756    0.9205    0.9792    1.2745    1.4806
  1.7384  -50.7029  -50.7022  -50.6989  -46.3211  -46.3158  -46.3147  -11.1698  -11.1450   -5.5892   -5.3173   -3.8683   -3.8392   -3.2256   -2.9933   -2.8604   -2.7185   -2.5843   -1.0304   -0.8038    0.0700    0.9179    0.9809    1.2743    1.5399
