#K-Path(1/A)   Spin-Up(eV)   Spin-down(eV)
# NKPTS & NBANDS:  60  24
# Band-Index:    1
   0.00000    -50.609859    -50.609859
   0.04601    -50.609870    -50.609870
   0.09201    -50.609903    -50.609903
   0.13802    -50.609948    -50.609948
   0.18403    -50.609996    -50.609996
   0.23003    -50.610051    -50.610051
   0.27604    -50.610117    -50.610117
   0.32204    -50.610198    -50.610198
   0.36805    -50.610286    -50.610286
   0.41406    -50.610371    -50.610371
   0.46006    -50.610464    -50.610464
   0.50607    -50.610568    -50.610568
   0.55208    -50.610634    -50.610634
   0.59808    -50.610703    -50.610703
   0.64409    -50.610783    -50.610783
   0.69010    -50.610835    -50.610835
   0.73610    -50.610872    -50.610872
   0.78211    -50.610906    -50.610906
   0.82811    -50.610933    -50.610933
   0.87412    -50.610938    -50.610938
   0.87412    -50.610938    -50.610938
   0.90068    -50.610937    -50.610937
   0.92724    -50.610941    -50.610941
   0.95381    -50.610935    -50.610935
   0.98037    -50.610916    -50.610916
   1.00693    -50.610913    -50.610913
   1.03349    -50.610903    -50.610903
   1.06005    -50.610887    -50.610887
   1.08661    -50.610869    -50.610869
   1.11318    -50.610855    -50.610855
   1.13974    -50.610837    -50.610837
   1.16630    -50.610812    -50.610812
   1.19286    -50.610790    -50.610790
   1.21942    -50.610781    -50.610781
   1.24599    -50.610757    -50.610757
   1.27255    -50.610732    -50.610732
   1.29911    -50.610707    -50.610707
   1.32567    -50.610682    -50.610682
   1.35223    -50.610656    -50.610656
   1.37879    -50.610653    -50.610653
   1.37879    -50.610653    -50.610653
   1.43192    -50.610683    -50.610683
   1.48504    -50.610723    -50.610723
   1.53817    -50.610750    -50.610750
   1.59129    -50.610745    -50.610745
   1.64441    -50.610763    -50.610763
   1.69754    -50.610734    -50.610734
   1.75066    -50.610686    -50.610686
   1.80378    -50.610627    -50.610627
   1.85691    -50.610555    -50.610555
   1.91003    -50.610474    -50.610474
   1.96315    -50.610378    -50.610378
   2.01628    -50.610286    -50.610286
   2.06940    -50.610195    -50.610195
   2.12252    -50.610120    -50.610120
   2.17565    -50.610039    -50.610039
   2.22877    -50.609970    -50.609970
   2.28190    -50.609930    -50.609930
   2.33502    -50.609885    -50.609885
   2.38814    -50.609859    -50.609859
 
# Band-Index:    2
   2.38814    -50.609837    -50.609837
   2.33502    -50.609849    -50.609849
   2.28190    -50.609868    -50.609868
   2.22877    -50.609886    -50.609886
   2.17565    -50.609907    -50.609907
   2.12252    -50.609923    -50.609923
   2.06940    -50.609950    -50.609950
   2.01628    -50.609982    -50.609982
   1.96315    -50.610028    -50.610028
   1.91003    -50.610073    -50.610073
   1.85691    -50.610121    -50.610121
   1.80378    -50.610170    -50.610170
   1.75066    -50.610214    -50.610214
   1.69754    -50.610277    -50.610277
   1.64441    -50.610332    -50.610332
   1.59129    -50.610384    -50.610384
   1.53817    -50.610450    -50.610450
   1.48504    -50.610514    -50.610514
   1.43192    -50.610575    -50.610575
   1.37879    -50.610631    -50.610631
   1.37879    -50.610631    -50.610631
   1.35223    -50.610614    -50.610614
   1.32567    -50.610570    -50.610570
   1.29911    -50.610534    -50.610534
   1.27255    -50.610504    -50.610504
   1.24599    -50.610468    -50.610468
   1.21942    -50.610434    -50.610434
   1.19286    -50.610397    -50.610397
   1.16630    -50.610365    -50.610365
   1.13974    -50.610339    -50.610339
   1.11318    -50.610307    -50.610307
   1.08661    -50.610282    -50.610282
   1.06005    -50.610260    -50.610260
   1.03349    -50.610239    -50.610239
   1.00693    -50.610217    -50.610217
   0.98037    -50.610197    -50.610197
   0.95381    -50.610193    -50.610193
   0.92724    -50.610170    -50.610170
   0.90068    -50.610162    -50.610162
   0.87412    -50.610165    -50.610165
   0.87412    -50.610165    -50.610165
   0.82811    -50.610162    -50.610162
   0.78211    -50.610152    -50.610152
   0.73610    -50.610140    -50.610140
   0.69010    -50.610136    -50.610136
   0.64409    -50.610135    -50.610135
   0.59808    -50.610113    -50.610113
   0.55208    -50.610097    -50.610097
   0.50607    -50.610078    -50.610078
   0.46006    -50.610051    -50.610051
   0.41406    -50.610019    -50.610019
   0.36805    -50.609990    -50.609990
   0.32204    -50.609970    -50.609970
   0.27604    -50.609949    -50.609949
   0.23003    -50.609930    -50.609930
   0.18403    -50.609915    -50.609915
   0.13802    -50.609903    -50.609903
   0.09201    -50.609878    -50.609878
   0.04601    -50.609853    -50.609853
   0.00000    -50.609837    -50.609837
 
# Band-Index:    3
   0.00000    -50.604211    -50.604211
   0.04601    -50.604211    -50.604211
   0.09201    -50.604210    -50.604210
   0.13802    -50.604208    -50.604208
   0.18403    -50.604192    -50.604192
   0.23003    -50.604180    -50.604180
   0.27604    -50.604169    -50.604169
   0.32204    -50.604156    -50.604156
   0.36805    -50.604136    -50.604136
   0.41406    -50.604129    -50.604129
   0.46006    -50.604111    -50.604111
   0.50607    -50.604102    -50.604102
   0.55208    -50.604081    -50.604081
   0.59808    -50.604063    -50.604063
   0.64409    -50.604051    -50.604051
   0.69010    -50.604034    -50.604034
   0.73610    -50.604027    -50.604027
   0.78211    -50.604020    -50.604020
   0.82811    -50.604024    -50.604024
   0.87412    -50.604020    -50.604020
   0.87412    -50.604020    -50.604020
   0.90068    -50.604017    -50.604017
   0.92724    -50.604017    -50.604017
   0.95381    -50.604021    -50.604021
   0.98037    -50.604016    -50.604016
   1.00693    -50.604016    -50.604016
   1.03349    -50.604016    -50.604016
   1.06005    -50.604015    -50.604015
   1.08661    -50.604004    -50.604004
   1.11318    -50.603999    -50.603999
   1.13974    -50.603996    -50.603996
   1.16630    -50.603991    -50.603991
   1.19286    -50.603989    -50.603989
   1.21942    -50.603989    -50.603989
   1.24599    -50.603985    -50.603985
   1.27255    -50.603980    -50.603980
   1.29911    -50.603978    -50.603978
   1.32567    -50.603979    -50.603979
   1.35223    -50.603983    -50.603983
   1.37879    -50.603991    -50.603991
   1.37879    -50.603991    -50.603991
   1.43192    -50.603990    -50.603990
   1.48504    -50.603990    -50.603990
   1.53817    -50.603999    -50.603999
   1.59129    -50.604006    -50.604006
   1.64441    -50.604019    -50.604019
   1.69754    -50.604028    -50.604028
   1.75066    -50.604038    -50.604038
   1.80378    -50.604069    -50.604069
   1.85691    -50.604086    -50.604086
   1.91003    -50.604098    -50.604098
   1.96315    -50.604117    -50.604117
   2.01628    -50.604133    -50.604133
   2.06940    -50.604155    -50.604155
   2.12252    -50.604174    -50.604174
   2.17565    -50.604184    -50.604184
   2.22877    -50.604194    -50.604194
   2.28190    -50.604209    -50.604209
   2.33502    -50.604211    -50.604211
   2.38814    -50.604211    -50.604211
 
# Band-Index:    4
   2.38814    -46.255357    -46.255357
   2.33502    -46.255357    -46.255357
   2.28190    -46.255353    -46.255353
   2.22877    -46.255333    -46.255333
   2.17565    -46.255316    -46.255316
   2.12252    -46.255299    -46.255299
   2.06940    -46.255271    -46.255271
   2.01628    -46.255238    -46.255238
   1.96315    -46.255213    -46.255213
   1.91003    -46.255183    -46.255183
   1.85691    -46.255161    -46.255161
   1.80378    -46.255134    -46.255134
   1.75066    -46.255088    -46.255088
   1.69754    -46.255071    -46.255071
   1.64441    -46.255058    -46.255058
   1.59129    -46.255037    -46.255037
   1.53817    -46.255026    -46.255026
   1.48504    -46.255014    -46.255014
   1.43192    -46.255012    -46.255012
   1.37879    -46.255012    -46.255012
   1.37879    -46.255012    -46.255012
   1.35223    -46.255003    -46.255003
   1.32567    -46.255000    -46.255000
   1.29911    -46.254998    -46.254998
   1.27255    -46.255001    -46.255001
   1.24599    -46.255008    -46.255008
   1.21942    -46.255013    -46.255013
   1.19286    -46.255013    -46.255013
   1.16630    -46.255016    -46.255016
   1.13974    -46.255023    -46.255023
   1.11318    -46.255027    -46.255027
   1.08661    -46.255034    -46.255034
   1.06005    -46.255049    -46.255049
   1.03349    -46.255051    -46.255051
   1.00693    -46.255051    -46.255051
   0.98037    -46.255052    -46.255052
   0.95381    -46.255058    -46.255058
   0.92724    -46.255054    -46.255054
   0.90068    -46.255054    -46.255054
   0.87412    -46.255053    -46.255053
   0.87412    -46.255053    -46.255053
   0.82811    -46.255063    -46.255063
   0.78211    -46.255060    -46.255060
   0.73610    -46.255070    -46.255070
   0.69010    -46.255082    -46.255082
   0.64409    -46.255107    -46.255107
   0.59808    -46.255126    -46.255126
   0.55208    -46.255154    -46.255154
   0.50607    -46.255184    -46.255184
   0.46006    -46.255200    -46.255200
   0.41406    -46.255228    -46.255228
   0.36805    -46.255243    -46.255243
   0.32204    -46.255271    -46.255271
   0.27604    -46.255292    -46.255292
   0.23003    -46.255311    -46.255311
   0.18403    -46.255329    -46.255329
   0.13802    -46.255350    -46.255350
   0.09201    -46.255354    -46.255354
   0.04601    -46.255356    -46.255356
   0.00000    -46.255357    -46.255357
 
# Band-Index:    5
   0.00000    -46.249416    -46.249416
   0.04601    -46.249433    -46.249433
   0.09201    -46.249481    -46.249481
   0.13802    -46.249549    -46.249549
   0.18403    -46.249622    -46.249622
   0.23003    -46.249706    -46.249706
   0.27604    -46.249804    -46.249804
   0.32204    -46.249923    -46.249923
   0.36805    -46.250053    -46.250053
   0.41406    -46.250179    -46.250179
   0.46006    -46.250314    -46.250314
   0.50607    -46.250464    -46.250464
   0.55208    -46.250563    -46.250563
   0.59808    -46.250666    -46.250666
   0.64409    -46.250782    -46.250782
   0.69010    -46.250860    -46.250860
   0.73610    -46.250916    -46.250916
   0.78211    -46.250968    -46.250968
   0.82811    -46.251007    -46.251007
   0.87412    -46.251014    -46.251014
   0.87412    -46.251014    -46.251014
   0.90068    -46.251012    -46.251012
   0.92724    -46.251018    -46.251018
   0.95381    -46.251008    -46.251008
   0.98037    -46.250982    -46.250982
   1.00693    -46.250977    -46.250977
   1.03349    -46.250962    -46.250962
   1.06005    -46.250939    -46.250939
   1.08661    -46.250912    -46.250912
   1.11318    -46.250892    -46.250892
   1.13974    -46.250865    -46.250865
   1.16630    -46.250829    -46.250829
   1.19286    -46.250797    -46.250797
   1.21942    -46.250781    -46.250781
   1.24599    -46.250745    -46.250745
   1.27255    -46.250707    -46.250707
   1.29911    -46.250670    -46.250670
   1.32567    -46.250633    -46.250633
   1.35223    -46.250593    -46.250593
   1.37879    -46.250581    -46.250581
   1.37879    -46.250581    -46.250581
   1.43192    -46.250630    -46.250630
   1.48504    -46.250690    -46.250690
   1.53817    -46.250730    -46.250730
   1.59129    -46.250724    -46.250724
   1.64441    -46.250744    -46.250744
   1.69754    -46.250703    -46.250703
   1.75066    -46.250633    -46.250633
   1.80378    -46.250547    -46.250547
   1.85691    -46.250442    -46.250442
   1.91003    -46.250323    -46.250323
   1.96315    -46.250184    -46.250184
   2.01628    -46.250049    -46.250049
   2.06940    -46.249915    -46.249915
   2.12252    -46.249800    -46.249800
   2.17565    -46.249682    -46.249682
   2.22877    -46.249580    -46.249580
   2.28190    -46.249517    -46.249517
   2.33502    -46.249454    -46.249454
   2.38814    -46.249416    -46.249416
 
# Band-Index:    6
   2.38814    -46.249394    -46.249394
   2.33502    -46.249410    -46.249410
   2.28190    -46.249436    -46.249436
   2.22877    -46.249461    -46.249461
   2.17565    -46.249491    -46.249491
   2.12252    -46.249518    -46.249518
   2.06940    -46.249557    -46.249557
   2.01628    -46.249604    -46.249604
   1.96315    -46.249670    -46.249670
   1.91003    -46.249735    -46.249735
   1.85691    -46.249805    -46.249805
   1.80378    -46.249876    -46.249876
   1.75066    -46.249942    -46.249942
   1.69754    -46.250032    -46.250032
   1.64441    -46.250114    -46.250114
   1.59129    -46.250192    -46.250192
   1.53817    -46.250289    -46.250289
   1.48504    -46.250383    -46.250383
   1.43192    -46.250474    -46.250474
   1.37879    -46.250559    -46.250559
   1.37879    -46.250559    -46.250559
   1.35223    -46.250528    -46.250528
   1.32567    -46.250464    -46.250464
   1.29911    -46.250411    -46.250411
   1.27255    -46.250364    -46.250364
   1.24599    -46.250311    -46.250311
   1.21942    -46.250261    -46.250261
   1.19286    -46.250206    -46.250206
   1.16630    -46.250159    -46.250159
   1.13974    -46.250119    -46.250119
   1.11318    -46.250072    -46.250072
   1.08661    -46.250032    -46.250032
   1.06005    -46.249999    -46.249999
   1.03349    -46.249968    -46.249968
   1.00693    -46.249936    -46.249936
   0.98037    -46.249907    -46.249907
   0.95381    -46.249898    -46.249898
   0.92724    -46.249868    -46.249868
   0.90068    -46.249857    -46.249857
   0.87412    -46.249861    -46.249861
   0.87412    -46.249861    -46.249861
   0.82811    -46.249856    -46.249856
   0.78211    -46.249842    -46.249842
   0.73610    -46.249825    -46.249826
   0.69010    -46.249819    -46.249819
   0.64409    -46.249815    -46.249815
   0.59808    -46.249782    -46.249782
   0.55208    -46.249758    -46.249758
   0.50607    -46.249731    -46.249731
   0.46006    -46.249694    -46.249694
   0.41406    -46.249648    -46.249648
   0.36805    -46.249608    -46.249608
   0.32204    -46.249578    -46.249578
   0.27604    -46.249548    -46.249548
   0.23003    -46.249520    -46.249520
   0.18403    -46.249499    -46.249499
   0.13802    -46.249481    -46.249481
   0.09201    -46.249447    -46.249447
   0.04601    -46.249416    -46.249416
   0.00000    -46.249394    -46.249394
 
# Band-Index:    7
   0.00000    -12.489994    -12.489994
   0.04601    -12.484435    -12.484435
   0.09201    -12.467751    -12.467751
   0.13802    -12.440091    -12.440091
   0.18403    -12.401738    -12.401738
   0.23003    -12.353082    -12.353082
   0.27604    -12.294605    -12.294605
   0.32204    -12.226963    -12.226963
   0.36805    -12.151019    -12.151019
   0.41406    -12.067714    -12.067714
   0.46006    -11.978242    -11.978242
   0.50607    -11.884040    -11.884040
   0.55208    -11.786788    -11.786788
   0.59808    -11.688414    -11.688414
   0.64409    -11.591194    -11.591194
   0.69010    -11.497806    -11.497806
   0.73610    -11.411422    -11.411422
   0.78211    -11.336464    -11.336464
   0.82811    -11.280661    -11.280661
   0.87412    -11.258415    -11.258415
   0.87412    -11.258415    -11.258415
   0.90068    -11.257614    -11.257614
   0.92724    -11.255213    -11.255213
   0.95381    -11.251233    -11.251233
   0.98037    -11.245706    -11.245706
   1.00693    -11.238685    -11.238685
   1.03349    -11.230235    -11.230235
   1.06005    -11.220435    -11.220435
   1.08661    -11.209385    -11.209385
   1.11318    -11.197185    -11.197185
   1.13974    -11.183960    -11.183960
   1.16630    -11.169840    -11.169840
   1.19286    -11.154972    -11.154972
   1.21942    -11.139518    -11.139518
   1.24599    -11.123644    -11.123644
   1.27255    -11.107536    -11.107536
   1.29911    -11.091383    -11.091383
   1.32567    -11.075379    -11.075379
   1.35223    -11.059721    -11.059721
   1.37879    -11.044602    -11.044602
   1.37879    -11.044602    -11.044602
   1.43192    -11.081742    -11.081742
   1.48504    -11.134674    -11.134674
   1.53817    -11.203434    -11.203434
   1.59129    -11.286895    -11.286895
   1.64441    -11.382917    -11.382917
   1.69754    -11.488520    -11.488520
   1.75066    -11.600414    -11.600414
   1.80378    -11.715261    -11.715261
   1.85691    -11.829790    -11.829790
   1.91003    -11.941097    -11.941097
   1.96315    -12.046657    -12.046657
   2.01628    -12.144245    -12.144245
   2.06940    -12.232055    -12.232055
   2.12252    -12.308658    -12.308658
   2.17565    -12.372813    -12.372813
   2.22877    -12.423589    -12.423589
   2.28190    -12.460356    -12.460356
   2.33502    -12.482580    -12.482580
   2.38814    -12.489994    -12.489994
 
# Band-Index:    8
   2.38814    -11.231349    -11.231349
   2.33502    -11.228293    -11.228293
   2.28190    -11.219232    -11.219232
   2.22877    -11.204504    -11.204504
   2.17565    -11.184689    -11.184689
   2.12252    -11.160584    -11.160584
   2.06940    -11.133206    -11.133206
   2.01628    -11.103772    -11.103772
   1.96315    -11.073665    -11.073665
   1.91003    -11.044377    -11.044377
   1.85691    -11.017467    -11.017467
   1.80378    -10.994472    -10.994472
   1.75066    -10.976768    -10.976768
   1.69754    -10.965512    -10.965512
   1.64441    -10.961448    -10.961448
   1.59129    -10.964902    -10.964902
   1.53817    -10.975752    -10.975752
   1.48504    -10.993367    -10.993367
   1.43192    -11.016762    -11.016762
   1.37879    -11.044599    -11.044599
   1.37879    -11.044599    -11.044599
   1.35223    -11.031602    -11.031602
   1.32567    -11.022005    -11.022005
   1.29911    -11.015514    -11.015514
   1.27255    -11.011798    -11.011798
   1.24599    -11.010495    -11.010495
   1.21942    -11.011244    -11.011244
   1.19286    -11.013658    -11.013658
   1.16630    -11.017370    -11.017370
   1.13974    -11.022026    -11.022026
   1.11318    -11.027292    -11.027292
   1.08661    -11.032860    -11.032860
   1.06005    -11.038453    -11.038453
   1.03349    -11.043812    -11.043812
   1.00693    -11.048717    -11.048717
   0.98037    -11.052982    -11.052982
   0.95381    -11.056461    -11.056461
   0.92724    -11.059027    -11.059027
   0.90068    -11.060603    -11.060603
   0.87412    -11.061136    -11.061136
   0.87412    -11.061136    -11.061136
   0.82811    -11.050842    -11.050842
   0.78211    -11.030302    -11.030302
   0.73610    -11.012167    -11.012167
   0.69010    -11.001438    -11.001438
   0.64409    -10.999189    -10.999189
   0.59808    -11.004950    -11.004950
   0.55208    -11.017538    -11.017538
   0.50607    -11.035492    -11.035492
   0.46006    -11.057295    -11.057295
   0.41406    -11.081494    -11.081494
   0.36805    -11.106728    -11.106728
   0.32204    -11.131776    -11.131776
   0.27604    -11.155566    -11.155566
   0.23003    -11.177204    -11.177204
   0.18403    -11.195911    -11.195911
   0.13802    -11.211076    -11.211076
   0.09201    -11.222235    -11.222235
   0.04601    -11.229055    -11.229055
   0.00000    -11.231349    -11.231349
 
# Band-Index:    9
   0.00000     -5.870149     -5.870149
   0.04601     -5.862353     -5.862353
   0.09201     -5.839006     -5.839006
   0.13802     -5.800226     -5.800226
   0.18403     -5.746220     -5.746220
   0.23003     -5.677290     -5.677290
   0.27604     -5.593853     -5.593853
   0.32204     -5.496479     -5.496479
   0.36805     -5.385897     -5.385897
   0.41406     -5.263119     -5.263119
   0.46006     -5.129631     -5.129631
   0.50607     -4.988379     -4.988379
   0.55208     -4.869029     -4.869029
   0.59808     -5.033080     -5.033080
   0.64409     -5.229915     -5.229915
   0.69010     -5.400610     -5.400610
   0.73610     -5.538743     -5.538743
   0.78211     -5.640294     -5.640294
   0.82811     -5.702414     -5.702414
   0.87412     -5.723324     -5.723324
   0.87412     -5.723324     -5.723324
   0.90068     -5.721940     -5.721940
   0.92724     -5.717812     -5.717812
   0.95381     -5.711010     -5.711010
   0.98037     -5.701653     -5.701653
   1.00693     -5.689913     -5.689913
   1.03349     -5.676022     -5.676022
   1.06005     -5.660281     -5.660281
   1.08661     -5.643069     -5.643069
   1.11318     -5.624856     -5.624856
   1.13974     -5.606206     -5.606206
   1.16630     -5.587779     -5.587779
   1.19286     -5.570326     -5.570326
   1.21942     -5.554643     -5.554643
   1.24599     -5.541490     -5.541490
   1.27255     -5.531473     -5.531473
   1.29911     -5.524860     -5.524860
   1.32567     -5.521434     -5.521434
   1.35223     -5.520396     -5.520396
   1.37879     -5.520414     -5.520414
   1.37879     -5.520414     -5.520414
   1.43192     -5.516709     -5.516709
   1.48504     -5.496290     -5.496290
   1.53817     -5.447950     -5.447950
   1.59129     -5.365040     -5.365040
   1.64441     -5.244980     -5.244980
   1.69754     -5.088194     -5.088194
   1.75066     -4.897646     -4.897646
   1.80378     -4.732323     -4.732323
   1.85691     -4.902976     -4.902976
   1.91003     -5.073138     -5.073138
   1.96315     -5.231758     -5.231758
   2.01628     -5.375980     -5.375980
   2.06940     -5.503856     -5.503856
   2.12252     -5.613975     -5.613975
   2.17565     -5.705296     -5.705296
   2.22877     -5.777039     -5.777039
   2.28190     -5.828649     -5.828649
   2.33502     -5.859756     -5.859756
   2.38814     -5.870149     -5.870149
 
# Band-Index:   10
   2.38814     -3.798951     -3.798951
   2.33502     -3.803921     -3.803921
   2.28190     -3.818603     -3.818603
   2.22877     -3.842299     -3.842299
   2.17565     -3.873991     -3.873991
   2.12252     -3.912421     -3.912421
   2.06940     -3.956256     -3.956256
   2.01628     -4.004191     -4.004191
   1.96315     -4.055024     -4.055024
   1.91003     -4.172196     -4.172196
   1.85691     -4.429188     -4.429188
   1.80378     -4.665475     -4.665475
   1.75066     -4.539645     -4.539645
   1.69754     -4.365280     -4.365280
   1.64441     -4.348706     -4.348706
   1.59129     -4.379687     -4.379687
   1.53817     -4.401908     -4.401908
   1.48504     -4.415552     -4.415552
   1.43192     -4.421359     -4.421359
   1.37879     -4.420248     -4.420248
   1.37879     -4.420248     -4.420248
   1.35223     -4.417393     -4.417393
   1.32567     -4.413163     -4.413163
   1.29911     -4.407679     -4.407679
   1.27255     -4.401066     -4.401066
   1.24599     -4.393457     -4.393457
   1.21942     -4.384991     -4.384991
   1.19286     -4.375818     -4.375818
   1.16630     -4.366111     -4.366111
   1.13974     -4.356058     -4.356058
   1.11318     -4.345870     -4.345870
   1.08661     -4.335779     -4.335779
   1.06005     -4.326030     -4.326030
   1.03349     -4.316879     -4.316879
   1.00693     -4.308584     -4.308584
   0.98037     -4.301392     -4.301392
   0.95381     -4.295533     -4.295533
   0.92724     -4.291200     -4.291200
   0.90068     -4.288539     -4.288539
   0.87412     -4.287642     -4.287642
   0.87412     -4.287642     -4.287642
   0.82811     -4.285400     -4.285400
   0.78211     -4.280761     -4.280761
   0.73610     -4.289984     -4.289984
   0.69010     -4.375632     -4.375632
   0.64409     -4.516877     -4.516877
   0.59808     -4.668240     -4.668240
   0.55208     -4.765184     -4.765184
   0.50607     -4.560764     -4.560764
   0.46006     -4.330563     -4.330563
   0.41406     -4.143610     -4.143610
   0.36805     -4.037290     -4.037290
   0.32204     -3.974640     -3.974640
   0.27604     -3.927683     -3.927683
   0.23003     -3.889121     -3.889121
   0.18403     -3.857320     -3.857320
   0.13802     -3.832134     -3.832134
   0.09201     -3.813822     -3.813822
   0.04601     -3.802684     -3.802684
   0.00000     -3.798951     -3.798951
 
# Band-Index:   11
   0.00000     -3.798947     -3.798947
   0.04601     -3.797869     -3.797869
   0.09201     -3.794687     -3.794687
   0.13802     -3.789586     -3.789586
   0.18403     -3.782875     -3.782875
   0.23003     -3.775009     -3.775009
   0.27604     -3.766585     -3.766585
   0.32204     -3.758337     -3.758337
   0.36805     -3.751087     -3.751087
   0.41406     -3.879308     -3.879308
   0.46006     -3.992472     -3.992472
   0.50607     -4.058435     -4.058435
   0.55208     -4.107058     -4.107058
   0.59808     -4.146671     -4.146671
   0.64409     -4.178045     -4.178045
   0.69010     -4.195270     -4.195270
   0.73610     -4.162016     -4.162016
   0.78211     -4.068153     -4.068153
   0.82811     -3.990414     -3.990414
   0.87412     -3.961046     -3.961046
   0.87412     -3.961046     -3.961046
   0.90068     -3.959755     -3.959755
   0.92724     -3.955897     -3.955897
   0.95381     -3.949528     -3.949528
   0.98037     -3.940740     -3.940740
   1.00693     -3.929680     -3.929680
   1.03349     -3.916551     -3.916551
   1.06005     -3.901682     -3.901682
   1.08661     -3.885796     -3.885796
   1.11318     -3.873172     -3.873172
   1.13974     -3.923989     -3.923989
   1.16630     -4.019411     -4.019411
   1.19286     -4.110657     -4.110657
   1.21942     -4.193159     -4.193159
   1.24599     -4.264663     -4.264663
   1.27255     -4.323513     -4.323513
   1.29911     -4.368591     -4.368591
   1.32567     -4.399442     -4.399442
   1.35223     -4.416339     -4.416339
   1.37879     -4.420244     -4.420244
   1.37879     -4.420244     -4.420244
   1.43192     -4.395332     -4.395332
   1.48504     -4.339212     -4.339212
   1.53817     -4.267463     -4.267463
   1.59129     -4.202583     -4.202583
   1.64441     -4.223561     -4.223561
   1.69754     -4.309594     -4.309594
   1.75066     -4.263859     -4.263859
   1.80378     -4.213603     -4.213603
   1.85691     -4.160953     -4.160953
   1.91003     -4.107654     -4.107654
   1.96315     -3.924965     -3.924965
   2.01628     -3.791019     -3.791019
   2.06940     -3.773718     -3.773718
   2.12252     -3.774713     -3.774713
   2.17565     -3.780473     -3.780473
   2.22877     -3.787359     -3.787359
   2.28190     -3.793438     -3.793438
   2.33502     -3.797519     -3.797519
   2.38814     -3.798947     -3.798947
 
# Band-Index:   12
   2.38814     -3.108654     -3.108654
   2.33502     -3.111495     -3.111495
   2.28190     -3.124216     -3.124216
   2.22877     -3.152985     -3.152985
   2.17565     -3.205424     -3.205424
   2.12252     -3.294735     -3.294735
   2.06940     -3.435226     -3.435226
   2.01628     -3.620383     -3.620383
   1.96315     -3.738594     -3.738594
   1.91003     -3.771259     -3.771259
   1.85691     -3.803886     -3.803886
   1.80378     -3.847429     -3.847429
   1.75066     -3.902788     -3.902788
   1.69754     -3.965873     -3.965873
   1.64441     -4.015269     -4.015269
   1.59129     -3.968282     -3.968282
   1.53817     -3.863286     -3.863286
   1.48504     -3.778311     -3.778311
   1.43192     -3.727548     -3.727548
   1.37879     -3.709981     -3.709981
   1.37879     -3.709981     -3.709981
   1.35223     -3.712727     -3.712727
   1.32567     -3.718820     -3.718820
   1.29911     -3.730466     -3.730466
   1.27255     -3.745522     -3.745522
   1.24599     -3.763032     -3.763032
   1.21942     -3.782122     -3.782122
   1.19286     -3.801953     -3.801953
   1.16630     -3.821531     -3.821531
   1.13974     -3.837865     -3.837865
   1.11318     -3.804007     -3.804007
   1.08661     -3.780996     -3.780996
   1.06005     -3.784028     -3.784028
   1.03349     -3.785709     -3.785709
   1.00693     -3.786102     -3.786102
   0.98037     -3.785403     -3.785403
   0.95381     -3.783958     -3.783958
   0.92724     -3.782264     -3.782264
   0.90068     -3.780905     -3.780905
   0.87412     -3.780385     -3.780385
   0.87412     -3.780385     -3.780385
   0.82811     -3.779195     -3.779195
   0.78211     -3.775754     -3.775754
   0.73610     -3.770441     -3.770441
   0.69010     -3.763872     -3.763872
   0.64409     -3.756866     -3.756866
   0.59808     -3.750371     -3.750371
   0.55208     -3.745359     -3.745359
   0.50607     -3.742644     -3.742644
   0.46006     -3.742723     -3.742723
   0.41406     -3.745659     -3.745659
   0.36805     -3.699109     -3.699109
   0.32204     -3.509674     -3.509674
   0.27604     -3.356779     -3.356779
   0.23003     -3.251094     -3.251094
   0.18403     -3.184031     -3.184031
   0.13802     -3.143283     -3.143283
   0.09201     -3.120342     -3.120342
   0.04601     -3.110720     -3.110720
   0.00000     -3.108654     -3.108654
 
# Band-Index:   13
   0.00000     -3.096079     -3.096079
   0.04601     -3.098499     -3.098499
   0.09201     -3.103152     -3.103152
   0.13802     -3.109518     -3.109518
   0.18403     -3.118844     -3.118844
   0.23003     -3.129377     -3.129377
   0.27604     -3.140012     -3.140012
   0.32204     -3.149423     -3.149423
   0.36805     -3.156117     -3.156117
   0.41406     -3.158558     -3.158558
   0.46006     -3.161778     -3.161778
   0.50607     -3.184094     -3.184094
   0.55208     -3.223459     -3.223459
   0.59808     -3.288974     -3.288974
   0.64409     -3.370460     -3.370460
   0.69010     -3.450402     -3.450402
   0.73610     -3.519231     -3.519231
   0.78211     -3.572619     -3.572619
   0.82811     -3.607673     -3.607673
   0.87412     -3.620330     -3.620330
   0.87412     -3.620330     -3.620330
   0.90068     -3.618023     -3.618023
   0.92724     -3.611360     -3.611360
   0.95381     -3.601013     -3.601013
   0.98037     -3.587836     -3.587836
   1.00693     -3.572694     -3.572694
   1.03349     -3.556375     -3.556375
   1.06005     -3.598091     -3.598091
   1.08661     -3.703220     -3.703220
   1.11318     -3.776637     -3.776637
   1.13974     -3.771053     -3.771053
   1.16630     -3.764401     -3.764401
   1.19286     -3.756890     -3.756890
   1.21942     -3.748781     -3.748781
   1.24599     -3.740387     -3.740387
   1.27255     -3.732091     -3.732091
   1.29911     -3.724350     -3.724350
   1.32567     -3.717701     -3.717701
   1.35223     -3.711627     -3.711627
   1.37879     -3.709976     -3.709976
   1.37879     -3.709976     -3.709976
   1.43192     -3.712257     -3.712257
   1.48504     -3.722566     -3.722566
   1.53817     -3.733064     -3.733064
   1.59129     -3.734794     -3.734794
   1.64441     -3.721201     -3.721201
   1.69754     -3.688705     -3.688705
   1.75066     -3.636702     -3.636702
   1.80378     -3.567990     -3.567990
   1.85691     -3.489267     -3.489267
   1.91003     -3.409870     -3.409870
   1.96315     -3.337824     -3.337824
   2.01628     -3.276649     -3.276649
   2.06940     -3.226240     -3.226240
   2.12252     -3.185314     -3.185314
   2.17565     -3.152741     -3.152741
   2.22877     -3.127811     -3.127811
   2.28190     -3.110153     -3.110153
   2.33502     -3.099594     -3.099594
   2.38814     -3.096079     -3.096079
 
# Band-Index:   14
   2.38814     -3.096074     -3.096074
   2.33502     -3.097827     -3.097827
   2.28190     -3.100084     -3.100084
   2.22877     -3.100711     -3.100711
   2.17565     -3.100165     -3.100165
   2.12252     -3.098315     -3.098315
   2.06940     -3.094487     -3.094487
   2.01628     -3.087620     -3.087620
   1.96315     -3.076356     -3.076356
   1.91003     -3.059191     -3.059191
   1.85691     -3.034700     -3.034700
   1.80378     -3.119809     -3.119809
   1.75066     -3.197201     -3.197201
   1.69754     -3.261131     -3.261131
   1.64441     -3.315401     -3.315401
   1.59129     -3.361627     -3.361627
   1.53817     -3.399657     -3.399657
   1.48504     -3.427798     -3.427798
   1.43192     -3.443834     -3.443834
   1.37879     -3.448127     -3.448127
   1.37879     -3.448127     -3.448127
   1.35223     -3.447582     -3.447582
   1.32567     -3.446744     -3.446744
   1.29911     -3.446732     -3.446732
   1.27255     -3.448419     -3.448419
   1.24599     -3.452363     -3.452363
   1.21942     -3.458800     -3.458800
   1.19286     -3.467715     -3.467715
   1.16630     -3.478926     -3.478926
   1.13974     -3.492127     -3.492127
   1.11318     -3.506935     -3.506935
   1.08661     -3.522915     -3.522915
   1.06005     -3.539575     -3.539576
   1.03349     -3.495664     -3.495664
   1.00693     -3.399887     -3.399887
   0.98037     -3.314788     -3.314788
   0.95381     -3.244494     -3.244494
   0.92724     -3.192569     -3.192569
   0.90068     -3.161113     -3.161113
   0.87412     -3.150645     -3.150645
   0.87412     -3.150645     -3.150645
   0.82811     -3.149305     -3.149305
   0.78211     -3.145311     -3.145311
   0.73610     -3.138504     -3.138504
   0.69010     -3.127995     -3.127996
   0.64409     -3.111171     -3.111171
   0.59808     -3.103639     -3.103639
   0.55208     -3.128155     -3.128155
   0.50607     -3.145396     -3.145396
   0.46006     -3.155342     -3.155342
   0.41406     -3.147250     -3.147250
   0.36805     -3.136519     -3.136519
   0.32204     -3.128023     -3.128023
   0.27604     -3.121102     -3.121102
   0.23003     -3.115436     -3.115436
   0.18403     -3.110812     -3.110812
   0.13802     -3.106954     -3.106954
   0.09201     -3.102252     -3.102252
   0.04601     -3.097651     -3.097651
   0.00000     -3.096074     -3.096074
 
# Band-Index:   15
   0.00000     -1.279263     -1.279263
   0.04601     -1.328610     -1.328610
   0.09201     -1.456934     -1.456934
   0.13802     -1.636768     -1.636768
   0.18403     -1.851358     -1.851358
   0.23003     -2.080894     -2.080894
   0.27604     -2.297362     -2.297362
   0.32204     -2.476970     -2.476969
   0.36805     -2.615341     -2.615341
   0.41406     -2.727765     -2.727765
   0.46006     -2.832872     -2.832872
   0.50607     -2.935837     -2.935837
   0.55208     -3.024003     -3.024003
   0.59808     -3.081018     -3.081018
   0.64409     -3.072440     -3.072440
   0.69010     -3.035739     -3.035739
   0.73610     -2.995563     -2.995563
   0.78211     -2.955608     -2.955608
   0.82811     -2.923070     -2.923070
   0.87412     -2.909720     -2.909720
   0.87412     -2.909720     -2.909720
   0.90068     -2.907888     -2.907888
   0.92724     -2.902400     -2.902400
   0.95381     -2.893270     -2.893270
   0.98037     -2.880529     -2.880529
   1.00693     -2.864244     -2.864244
   1.03349     -2.855639     -2.855639
   1.06005     -2.866273     -2.866273
   1.08661     -2.875486     -2.875486
   1.11318     -2.883824     -2.883824
   1.13974     -2.891630     -2.891630
   1.16630     -2.899100     -2.899100
   1.19286     -2.906317     -2.906317
   1.21942     -2.913273     -2.913273
   1.24599     -2.919876     -2.919876
   1.27255     -2.925962     -2.925962
   1.29911     -2.931292     -2.931292
   1.32567     -2.935559     -2.935559
   1.35223     -2.938403     -2.938403
   1.37879     -2.939437     -2.939437
   1.37879     -2.939437     -2.939437
   1.43192     -2.934665     -2.934665
   1.48504     -2.919470     -2.919470
   1.53817     -2.894497     -2.894497
   1.59129     -2.862857     -2.862857
   1.64441     -2.846517     -2.846517
   1.69754     -2.906325     -2.906325
   1.75066     -2.959123     -2.959123
   1.80378     -3.001670     -3.001670
   1.85691     -3.022778     -3.022778
   1.91003     -2.899041     -2.899041
   1.96315     -2.744498     -2.744498
   2.01628     -2.560973     -2.560973
   2.06940     -2.355065     -2.355065
   2.12252     -2.135528     -2.135528
   2.17565     -1.911917     -1.911917
   2.22877     -1.694696     -1.694696
   2.28190     -1.497285     -1.497285
   2.33502     -1.343172     -1.343172
   2.38814     -1.279263     -1.279263
 
# Band-Index:   16
   2.38814     -1.279261     -1.279261
   2.33502     -1.291162     -1.291162
   2.28190     -1.350041     -1.350041
   2.22877     -1.534126     -1.534126
   2.17565     -1.808342     -1.808342
   2.12252     -2.080011     -2.080011
   2.06940     -2.303652     -2.303652
   2.01628     -2.462145     -2.462145
   1.96315     -2.564558     -2.564558
   1.91003     -2.631030     -2.631030
   1.85691     -2.678278     -2.678278
   1.80378     -2.716787     -2.716787
   1.75066     -2.752470     -2.752470
   1.69754     -2.788015     -2.788015
   1.64441     -2.819937     -2.819937
   1.59129     -2.763828     -2.763828
   1.53817     -2.680704     -2.680704
   1.48504     -2.597035     -2.597035
   1.43192     -2.525073     -2.525073
   1.37879     -2.473963     -2.473963
   1.37879     -2.473963     -2.473963
   1.35223     -2.494372     -2.494372
   1.32567     -2.516716     -2.516716
   1.29911     -2.541958     -2.541958
   1.27255     -2.570387     -2.570387
   1.24599     -2.601601     -2.601601
   1.21942     -2.634735     -2.634735
   1.19286     -2.668745     -2.668745
   1.16630     -2.702622     -2.702622
   1.13974     -2.735482     -2.735482
   1.11318     -2.766604     -2.766604
   1.08661     -2.795419     -2.795419
   1.06005     -2.821498     -2.821498
   1.03349     -2.844516     -2.844516
   1.00693     -2.842805     -2.842805
   0.98037     -2.826816     -2.826816
   0.95381     -2.806990     -2.806990
   0.92724     -2.784146     -2.784146
   0.90068     -2.762929     -2.762929
   0.87412     -2.753439     -2.753439
   0.87412     -2.753439     -2.753439
   0.82811     -2.745368     -2.745368
   0.78211     -2.724735     -2.724735
   0.73610     -2.698620     -2.698619
   0.69010     -2.671973     -2.671973
   0.64409     -2.645822     -2.645822
   0.59808     -2.618044     -2.618044
   0.55208     -2.584031     -2.584031
   0.50607     -2.536415     -2.536415
   0.46006     -2.465124     -2.465124
   0.41406     -2.361389     -2.361389
   0.36805     -2.224905     -2.224905
   0.32204     -2.062706     -2.062706
   0.27604     -1.881594     -1.881594
   0.23003     -1.684649     -1.684649
   0.18403     -1.472389     -1.472389
   0.13802     -1.350981     -1.350981
   0.09201     -1.311113     -1.311113
   0.04601     -1.287203     -1.287203
   0.00000     -1.279261     -1.279261
 
# Band-Index:   17
   0.00000     -0.820858     -0.820858
   0.04601     -0.879882     -0.879882
   0.09201     -1.038367     -1.038367
   0.13802     -1.249771     -1.249771
   0.18403     -1.406151     -1.406151
   0.23003     -1.474966     -1.474966
   0.27604     -1.554930     -1.554930
   0.32204     -1.643233     -1.643233
   0.36805     -1.737158     -1.737158
   0.41406     -1.834358     -1.834358
   0.46006     -1.932898     -1.932898
   0.50607     -2.031190     -2.031190
   0.55208     -2.127905     -2.127905
   0.59808     -2.221859     -2.221859
   0.64409     -2.311871     -2.311871
   0.69010     -2.396549     -2.396549
   0.73610     -2.473881     -2.473881
   0.78211     -2.540273     -2.540273
   0.82811     -2.588627     -2.588627
   0.87412     -2.607240     -2.607240
   0.87412     -2.607240     -2.607240
   0.90068     -2.597837     -2.597837
   0.92724     -2.576273     -2.576273
   0.95381     -2.551592     -2.551592
   0.98037     -2.528127     -2.528127
   1.00693     -2.507372     -2.507372
   1.03349     -2.489610     -2.489610
   1.06005     -2.474672     -2.474672
   1.08661     -2.462256     -2.462256
   1.11318     -2.452067     -2.452067
   1.13974     -2.443872     -2.443872
   1.16630     -2.437530     -2.437530
   1.19286     -2.433002     -2.433002
   1.21942     -2.430357     -2.430357
   1.24599     -2.429785     -2.429785
   1.27255     -2.431608     -2.431608
   1.29911     -2.436289     -2.436289
   1.32567     -2.444432     -2.444432
   1.35223     -2.456746     -2.456746
   1.37879     -2.473958     -2.473958
   1.37879     -2.473958     -2.473958
   1.43192     -2.433555     -2.433555
   1.48504     -2.386254     -2.386254
   1.53817     -2.327693     -2.327693
   1.59129     -2.257323     -2.257323
   1.64441     -2.176146     -2.176146
   1.69754     -2.085469     -2.085469
   1.75066     -1.986482     -1.986482
   1.80378     -1.880194     -1.880194
   1.85691     -1.767509     -1.767509
   1.91003     -1.649372     -1.649372
   1.96315     -1.526952     -1.526952
   2.01628     -1.401912     -1.401912
   2.06940     -1.304274     -1.304274
   2.12252     -1.263487     -1.263487
   2.17565     -1.227320     -1.227320
   2.22877     -1.178763     -1.178763
   2.28190     -1.062833     -1.062833
   2.33502     -0.895949     -0.895949
   2.38814     -0.820858     -0.820858
 
# Band-Index:   18
   2.38814     -0.820853     -0.820853
   2.33502     -0.830661     -0.830661
   2.28190     -0.872036     -0.872036
   2.22877     -0.945417     -0.945417
   2.17565     -1.042486     -1.042486
   2.12252     -1.155199     -1.155199
   2.06940     -1.276758     -1.276758
   2.01628     -1.355145     -1.355145
   1.96315     -1.417893     -1.417893
   1.91003     -1.491671     -1.491671
   1.85691     -1.573207     -1.573207
   1.80378     -1.657343     -1.657343
   1.75066     -1.738046     -1.738046
   1.69754     -1.809534     -1.809534
   1.64441     -1.867002     -1.867002
   1.59129     -1.906652     -1.906652
   1.53817     -1.925071     -1.925071
   1.48504     -1.918889     -1.918889
   1.43192     -1.886829     -1.886829
   1.37879     -1.834603     -1.834603
   1.37879     -1.834603     -1.834603
   1.35223     -1.857230     -1.857230
   1.32567     -1.865905     -1.865905
   1.29911     -1.859559     -1.859559
   1.27255     -1.838182     -1.838182
   1.24599     -1.802846     -1.802846
   1.21942     -1.755431     -1.755431
   1.19286     -1.698282     -1.698282
   1.16630     -1.673579     -1.673579
   1.13974     -1.669305     -1.669305
   1.11318     -1.667443     -1.667443
   1.08661     -1.667408     -1.667408
   1.06005     -1.668668     -1.668668
   1.03349     -1.670756     -1.670756
   1.00693     -1.673267     -1.673267
   0.98037     -1.675853     -1.675853
   0.95381     -1.678213     -1.678213
   0.92724     -1.680099     -1.680099
   0.90068     -1.681314     -1.681314
   0.87412     -1.681734     -1.681734
   0.87412     -1.681734     -1.681734
   0.82811     -1.660028     -1.660028
   0.78211     -1.597100     -1.597100
   0.73610     -1.499170     -1.499170
   0.69010     -1.375191     -1.375191
   0.64409     -1.234863     -1.234863
   0.59808     -1.087008     -1.087008
   0.55208     -1.040834     -1.040834
   0.50607     -1.025235     -1.025235
   0.46006     -1.008331     -1.008331
   0.41406     -0.990281     -0.990281
   0.36805     -0.971162     -0.971162
   0.32204     -0.950957     -0.950957
   0.27604     -0.929566     -0.929566
   0.23003     -0.906962     -0.906962
   0.18403     -0.883506     -0.883506
   0.13802     -0.860427     -0.860427
   0.09201     -0.840149     -0.840149
   0.04601     -0.825977     -0.825977
   0.00000     -0.820853     -0.820853
 
# Band-Index:   19
   0.00000     -0.625371     -0.625371
   0.04601     -0.596765     -0.596765
   0.09201     -0.528443     -0.528443
   0.13802     -0.452832     -0.452832
   0.18403     -0.391637     -0.391637
   0.23003     -0.357221     -0.357221
   0.27604     -0.356141     -0.356141
   0.32204     -0.389981     -0.389981
   0.36805     -0.456215     -0.456215
   0.41406     -0.549851     -0.549851
   0.46006     -0.665146     -0.665146
   0.50607     -0.796560     -0.796560
   0.55208     -0.938922     -0.938922
   0.59808     -1.054923     -1.054923
   0.64409     -1.067285     -1.067285
   0.69010     -1.077703     -1.077703
   0.73610     -1.086001     -1.086001
   0.78211     -1.092035     -1.092035
   0.82811     -1.095697     -1.095697
   0.87412     -1.096926     -1.096926
   0.87412     -1.096926     -1.096926
   0.90068     -1.102739     -1.102739
   0.92724     -1.120048     -1.120048
   0.95381     -1.148468     -1.148468
   0.98037     -1.187333     -1.187333
   1.00693     -1.235681     -1.235681
   1.03349     -1.292240     -1.292240
   1.06005     -1.355426     -1.355426
   1.08661     -1.423387     -1.423387
   1.11318     -1.494013     -1.494013
   1.13974     -1.565013     -1.565013
   1.16630     -1.633948     -1.633948
   1.19286     -1.680876     -1.680876
   1.21942     -1.691776     -1.691776
   1.24599     -1.706735     -1.706735
   1.27255     -1.725973     -1.725973
   1.29911     -1.749324     -1.749324
   1.32567     -1.776119     -1.776119
   1.35223     -1.805125     -1.805125
   1.37879     -1.834599     -1.834599
   1.37879     -1.834599     -1.834599
   1.43192     -1.754972     -1.754972
   1.48504     -1.642598     -1.642598
   1.53817     -1.509716     -1.509716
   1.59129     -1.364384     -1.364384
   1.64441     -1.212100     -1.212100
   1.69754     -1.057084     -1.057084
   1.75066     -0.903116     -0.903116
   1.80378     -0.754034     -0.754034
   1.85691     -0.614157     -0.614157
   1.91003     -0.488744     -0.488744
   1.96315     -0.384406     -0.384406
   2.01628     -0.309207     -0.309207
   2.06940     -0.271405     -0.271405
   2.12252     -0.276161     -0.276161
   2.17565     -0.322173     -0.322173
   2.22877     -0.401191     -0.401191
   2.28190     -0.498478     -0.498478
   2.33502     -0.587526     -0.587526
   2.38814     -0.625371     -0.625371
 
# Band-Index:   20
   2.38814      0.649318      0.649318
   2.33502      0.654652      0.654652
   2.28190      0.669621      0.669621
   2.22877      0.683532      0.683532
   2.17565      0.687016      0.687016
   2.12252      0.685706      0.685706
   2.06940      0.680713      0.680713
   2.01628      0.673400      0.673400
   1.96315      0.665888      0.665888
   1.91003      0.660928      0.660928
   1.85691      0.661078      0.661078
   1.80378      0.667489      0.667489
   1.75066      0.678516      0.678516
   1.69754      0.687101      0.687101
   1.64441      0.674446      0.674446
   1.59129      0.615041      0.615041
   1.53817      0.520816      0.520816
   1.48504      0.428819      0.428819
   1.43192      0.364533      0.364533
   1.37879      0.341655      0.341655
   1.37879      0.341655      0.341655
   1.35223      0.347374      0.347374
   1.32567      0.364009      0.364009
   1.29911      0.390139      0.390139
   1.27255      0.423482      0.423482
   1.24599      0.460970      0.460970
   1.21942      0.498952      0.498952
   1.19286      0.533424      0.533424
   1.16630      0.560284      0.560284
   1.13974      0.575628      0.575628
   1.11318      0.576394      0.576394
   1.08661      0.561492      0.561492
   1.06005      0.532639      0.532639
   1.03349      0.493840      0.493840
   1.00693      0.450037      0.450037
   0.98037      0.406131      0.406131
   0.95381      0.366587      0.366587
   0.92724      0.335255      0.335255
   0.90068      0.315151      0.315151
   0.87412      0.308225      0.308225
   0.87412      0.308225      0.308225
   0.82811      0.309471      0.309471
   0.78211      0.313215      0.313215
   0.73610      0.319502      0.319502
   0.69010      0.328470      0.328470
   0.64409      0.340393      0.340393
   0.59808      0.355674      0.355674
   0.55208      0.374793      0.374793
   0.50607      0.398247      0.398247
   0.46006      0.426422      0.426422
   0.41406      0.459366      0.459366
   0.36805      0.496396      0.496396
   0.32204      0.535609      0.535609
   0.27604      0.573698      0.573698
   0.23003      0.606812      0.606812
   0.18403      0.632153      0.632153
   0.13802      0.648410      0.648410
   0.09201      0.654809      0.654809
   0.04601      0.652471      0.652471
   0.00000      0.649318      0.649318
 
# Band-Index:   21
   0.00000      0.649323      0.649323
   0.04601      0.657361      0.657361
   0.09201      0.680144      0.680144
   0.13802      0.714078      0.714078
   0.18403      0.754345      0.754345
   0.23003      0.796031      0.796031
   0.27604      0.835058      0.835059
   0.32204      0.868819      0.868819
   0.36805      0.896422      0.896423
   0.41406      0.918451      0.918451
   0.46006      0.936344      0.936344
   0.50607      0.951694      0.951695
   0.55208      0.965747      0.965747
   0.59808      0.979165      0.979165
   0.64409      0.992046      0.992046
   0.69010      1.004033      1.004033
   0.73610      1.014490      1.014490
   0.78211      1.013952      1.013952
   0.82811      0.986269      0.986269
   0.87412      0.976283      0.976283
   0.87412      0.976283      0.976283
   0.90068      0.975591      0.975591
   0.92724      0.973574      0.973574
   0.95381      0.970428      0.970428
   0.98037      0.966548      0.966548
   1.00693      0.962630      0.962630
   1.03349      0.959832      0.959832
   1.06005      0.959892      0.959892
   1.08661      0.964968      0.964968
   1.11318      0.976856      0.976856
   1.13974      0.984766      0.984766
   1.16630      0.984041      0.984041
   1.19286      0.986187      0.986187
   1.21942      0.991550      0.991550
   1.24599      1.000345      1.000345
   1.27255      1.012639      1.012639
   1.29911      1.028354      1.028354
   1.32567      1.047228      1.047228
   1.35223      1.068727      1.068727
   1.37879      1.091826      1.091826
   1.37879      1.091826      1.091826
   1.43192      1.041717      1.041717
   1.48504      0.993067      0.993067
   1.53817      0.954053      0.954053
   1.59129      0.936711      0.936711
   1.64441      0.960186      0.960186
   1.69754      1.019022      1.019022
   1.75066      1.047774      1.047774
   1.80378      1.007145      1.007145
   1.85691      0.959845      0.959845
   1.91003      0.908129      0.908129
   1.96315      0.855980      0.855980
   2.01628      0.808511      0.808511
   2.06940      0.769883      0.769883
   2.12252      0.740186      0.740186
   2.17565      0.715101      0.715101
   2.22877      0.691115      0.691115
   2.28190      0.673824      0.673824
   2.33502      0.658507      0.658507
   2.38814      0.649323      0.649323
 
# Band-Index:   22
   2.38814      0.813631      0.813631
   2.33502      0.823461      0.823461
   2.28190      0.848077      0.848077
   2.22877      0.877884      0.877884
   2.17565      0.908099      0.908099
   2.12252      0.938655      0.938655
   2.06940      0.970362      0.970362
   2.01628      1.003391      1.003391
   1.96315      1.037016      1.037016
   1.91003      1.069372      1.069372
   1.85691      1.096142      1.096142
   1.80378      1.105236      1.105236
   1.75066      1.076949      1.076949
   1.69754      1.081062      1.081062
   1.64441      1.107445      1.107445
   1.59129      1.127820      1.127820
   1.53817      1.142550      1.142550
   1.48504      1.148748      1.148748
   1.43192      1.133482      1.133482
   1.37879      1.091829      1.091829
   1.37879      1.091829      1.091829
   1.35223      1.112766      1.112766
   1.32567      1.125608      1.125608
   1.29911      1.126340      1.126340
   1.27255      1.115586      1.115586
   1.24599      1.096834      1.096834
   1.21942      1.073080      1.073080
   1.19286      1.046668      1.046668
   1.16630      1.019979      1.019979
   1.13974      0.995776      0.995776
   1.11318      0.987878      0.987878
   1.08661      0.992793      0.992793
   1.06005      0.998866      0.998866
   1.03349      1.005453      1.005454
   1.00693      1.011964      1.011964
   0.98037      1.017899      1.017899
   0.95381      1.022871      1.022872
   0.92724      1.026604      1.026604
   0.90068      1.028913      1.028913
   0.87412      1.029694      1.029694
   0.87412      1.029694      1.029694
   0.82811      1.027895      1.027895
   0.78211      1.022669      1.022669
   0.73610      1.051349      1.051349
   0.69010      1.083663      1.083663
   0.64409      1.097450      1.097450
   0.59808      1.092780      1.092780
   0.55208      1.076867      1.076866
   0.50607      1.055296      1.055296
   0.46006      1.031203      1.031203
   0.41406      1.006294      1.006294
   0.36805      0.981506      0.981506
   0.32204      0.957351      0.957351
   0.27604      0.934008      0.934008
   0.23003      0.911241      0.911241
   0.18403      0.888302      0.888302
   0.13802      0.864397      0.864397
   0.09201      0.840364      0.840364
   0.04601      0.821080      0.821080
   0.00000      0.813631      0.813631
 
# Band-Index:   23
   0.00000      1.943695      1.943695
   0.04601      1.956141      1.956141
   0.09201      1.822743      1.822743
   0.13802      1.688768      1.688768
   0.18403      1.581432      1.581432
   0.23003      1.511492      1.511492
   0.27604      1.481841      1.481841
   0.32204      1.487572      1.487572
   0.36805      1.516952      1.516952
   0.41406      1.554029      1.554029
   0.46006      1.581138      1.581139
   0.50607      1.582177      1.582177
   0.55208      1.548905      1.548905
   0.59808      1.487476      1.487476
   0.64409      1.417259      1.417259
   0.69010      1.361324      1.361324
   0.73610      1.331633      1.331633
   0.78211      1.321718      1.321718
   0.82811      1.320156      1.320156
   0.87412      1.320288      1.320288
   0.87412      1.320288      1.320288
   0.90068      1.320286      1.320286
   0.92724      1.320275      1.320275
   0.95381      1.320238      1.320238
   0.98037      1.320147      1.320146
   1.00693      1.319950      1.319950
   1.03349      1.319579      1.319579
   1.06005      1.318930      1.318930
   1.08661      1.317854      1.317854
   1.11318      1.316132      1.316132
   1.13974      1.313443      1.313443
   1.16630      1.309315      1.309315
   1.19286      1.303095      1.303095
   1.21942      1.294014      1.294014
   1.24599      1.281558      1.281558
   1.27255      1.266388      1.266388
   1.29911      1.251524      1.251525
   1.32567      1.241893      1.241893
   1.35223      1.239993      1.239993
   1.37879      1.243352      1.243352
   1.37879      1.243352      1.243352
   1.43192      1.247548      1.247548
   1.48504      1.260990      1.260990
   1.53817      1.262539      1.262539
   1.59129      1.257974      1.257974
   1.64441      1.247636      1.247636
   1.69754      1.233436      1.233436
   1.75066      1.221691      1.221691
   1.80378      1.230050      1.230050
   1.85691      1.271074      1.271074
   1.91003      1.333030      1.333030
   1.96315      1.410186      1.410186
   2.01628      1.501173      1.501173
   2.06940      1.585830      1.585830
   2.12252      1.564387      1.564387
   2.17565      1.588157      1.588157
   2.22877      1.666137      1.666137
   2.28190      1.793457      1.793457
   2.33502      1.943483      1.943490
   2.38814      1.943726      1.944499
 
# Band-Index:   24
   2.38814      2.027906      2.027904
   2.33502      1.997752      1.997722
   2.28190      1.964839      1.964837
   2.22877      1.897781      1.897781
   2.17565      1.809734      1.809734
   2.12252      1.708431      1.708431
   2.06940      1.602725      1.602725
   2.01628      1.634527      1.634527
   1.96315      1.690192      1.690192
   1.91003      1.734700      1.734700
   1.85691      1.754568      1.754568
   1.80378      1.742891      1.742891
   1.75066      1.700068      1.700068
   1.69754      1.632253      1.632253
   1.64441      1.548391      1.548391
   1.59129      1.457732      1.457734
   1.53817      1.369028      1.369029
   1.48504      1.292672      1.292672
   1.43192      1.253775      1.253775
   1.37879      1.243363      1.243363
   1.37879      1.243363      1.243363
   1.35223      1.250263      1.250263
   1.32567      1.260699      1.260699
   1.29911      1.274117      1.274117
   1.27255      1.290481      1.290481
   1.24599      1.310063      1.310063
   1.21942      1.333357      1.333357
   1.19286      1.361049      1.361049
   1.16630      1.394010      1.394010
   1.13974      1.433268      1.433268
   1.11318      1.479958      1.479958
   1.08661      1.535220      1.535220
   1.06005      1.600038      1.600038
   1.03349      1.674995      1.674995
   1.00693      1.759932      1.759932
   0.98037      1.853382      1.853382
   0.95381      1.951511      1.951511
   0.92724      2.045987      2.045987
   0.90068      2.120373      2.120373
   0.87412      2.150008      2.150008
   0.87412      2.150008      2.150008
   0.82811      2.146968      2.146968
   0.78211      2.137913      2.137913
   0.73610      2.123065      2.123065
   0.69010      2.102828      2.102828
   0.64409      2.077843      2.077843
   0.59808      2.049066      2.049066
   0.55208      2.017842      2.017842
   0.50607      1.986014      1.986014
   0.46006      1.955961      1.955961
   0.41406      1.930527      1.930527
   0.36805      1.912732      1.912732
   0.32204      1.905179      1.905179
   0.27604      1.909294      1.909294
   0.23003      1.924610      1.924610
   0.18403      1.948490      1.948490
   0.13802      1.976376      1.976376
   0.09201      2.002522      2.002522
   0.04601      2.003422      2.003422
   0.00000      2.027905      2.027905
